NK-Landscape Multi-Instance Results (n=50, K=2, budget=10,000, 100 runs, 15 instances)
==========================================================================================

Per-instance mean best fitness:
Policy                      s42       s123       s456       s789      s1024      s2023      s2024      s3141      s5555      s6789      s7070      s8192      s9001      s9999     s11111       Mean      Std
----------------------------------------------------------------------------------------------------
static_1                  35.86      34.14      35.36      35.34      37.21      34.47      34.39      37.14      35.51      35.17      34.62      35.21      35.66      33.90      34.16      35.21     0.97
static_5                  36.83      34.93      37.13      36.61      38.17      35.42      35.77      37.98      36.59      36.40      36.02      35.76      37.34      34.42      35.44      36.32     1.04
random_k                  36.93      34.96      36.99      36.44      38.12      35.45      35.61      37.97      36.66      36.58      35.99      35.89      37.10      34.67      35.27      36.31     1.00
adaptive_fitness          34.76      32.63      34.49      34.57      36.44      33.78      33.36      36.16      34.45      34.19      33.28      33.69      35.00      32.37      33.25      34.16     1.12
cwm_greedy                37.76      35.64      37.92      37.09      38.76      36.01      36.76      38.39      37.14      36.97      36.44      36.37      37.94      35.05      35.86      36.94     1.03
stagnation_detect         35.78      34.23      35.82      35.45      37.17      34.73      34.53      37.03      35.65      35.29      34.73      35.18      35.97      33.90      34.33      35.32     0.93
fifth_rule                36.00      34.17      35.56      35.53      37.40      34.64      34.50      37.22      35.75      35.41      34.72      35.38      35.81      34.01      34.23      35.36     0.99
self_adjusting            35.91      34.13      35.40      35.37      37.17      34.53      34.45      37.11      35.53      35.16      34.50      35.30      35.63      33.92      34.21      35.22     0.95


Aggregate (pooled across all 15 instances):
Policy                Mean best      Std      Max
--------------------------------------------------
static_1                  35.21     1.32    38.98
static_5                  36.32     1.11    38.96
random_k                  36.31     1.17    39.06
adaptive_fitness          34.16     1.26    37.90
cwm_greedy                36.94     1.11    39.12
stagnation_detect         35.32     1.24    38.91
fifth_rule                35.36     1.32    38.91
self_adjusting            35.22     1.34    39.06
